#GeoProbe ColorMapRamp V1.0 ascii
1
5
0.00395242 0 0 1 1 
0.0721369 0.256637 0.243243 0.245614 1 
0.504238 0.765487 0.738739 0.72807 1 
0.934303 0.530973 0.27027 0 1 
1 1 0.516129 0 1 
256
0 0 1 1 1
0 0 1 1 1
0.0146441 0.0138798 0.956954 1 0
0.0294044 0.0278697 0.913566 1 0
0.0441646 0.0418596 0.870178 1 0
0.0589248 0.0558495 0.82679 1 0
0.0736851 0.0698394 0.783402 1 0
0.0884453 0.0838293 0.740014 1 0
0.103206 0.0978192 0.696627 1 0
0.117966 0.111809 0.653239 1 0
0.132726 0.125799 0.609851 1 0
0.147486 0.139789 0.566463 1 0
0.162246 0.153779 0.523075 1 0
0.177007 0.167769 0.479688 1 0
0.191767 0.181759 0.4363 1 0
0.206527 0.195748 0.392912 1 0
0.221287 0.209738 0.349524 1 0
0.236048 0.223728 0.306137 1 0
0.256637 0.243243 0.245614 1 1
0.259431 0.245964 0.248263 1 0
0.264049 0.250461 0.252642 1 0
0.268668 0.254958 0.257021 1 0
0.273286 0.259455 0.261399 1 0
0.277904 0.263952 0.265778 1 0
0.282522 0.268449 0.270156 1 0
0.28714 0.272946 0.274535 1 0
0.291758 0.277442 0.278913 1 0
0.296376 0.281939 0.283292 1 0
0.300994 0.286436 0.287671 1 0
0.305612 0.290933 0.292049 1 0
0.310231 0.29543 0.296428 1 0
0.314849 0.299927 0.300806 1 0
0.319467 0.304424 0.305185 1 0
0.324085 0.308921 0.309563 1 0
0.328703 0.313418 0.313942 1 0
0.333321 0.317915 0.318321 1 0
0.337939 0.322412 0.322699 1 0
0.342557 0.326909 0.327078 1 0
0.347176 0.331405 0.331456 1 0
0.351794 0.335902 0.335835 1 0
0.356412 0.340399 0.340213 1 0
0.36103 0.344896 0.344592 1 0
0.365648 0.349393 0.348971 1 0
0.370266 0.35389 0.353349 1 0
0.374884 0.358387 0.357728 1 0
0.379502 0.362884 0.362106 1 0
0.38412 0.367381 0.366485 1 0
0.388739 0.371878 0.370863 1 0
0.393357 0.376375 0.375242 1 0
0.397975 0.380872 0.379621 1 0
0.402593 0.385369 0.383999 1 0
0.407211 0.389865 0.388378 1 0
0.411829 0.394362 0.392756 1 0
0.416447 0.398859 0.397135 1 0
0.421065 0.403356 0.401514 1 0
0.425683 0.407853 0.405892 1 0
0.430302 0.41235 0.410271 1 0
0.43492 0.416847 0.414649 1 0
0.439538 0.421344 0.419028 1 0
0.444156 0.425841 0.423406 1 0
0.448774 0.430338 0.427785 1 0
0.453392 0.434835 0.432164 1 0
0.45801 0.439332 0.436542 1 0
0.462628 0.443828 0.440921 1 0
0.467247 0.448325 0.445299 1 0
0.471865 0.452822 0.449678 1 0
0.476483 0.457319 0.454056 1 0
0.481101 0.461816 0.458435 1 0
0.485719 0.466313 0.462814 1 0
0.490337 0.47081 0.467192 1 0
0.494955 0.475307 0.471571 1 0
0.499573 0.479804 0.475949 1 0
0.504191 0.484301 0.480328 1 0
0.50881 0.488798 0.484706 1 0
0.513428 0.493295 0.489085 1 0
0.518046 0.497792 0.493464 1 0
0.522664 0.502288 0.497842 1 0
0.527282 0.506785 0.502221 1 0
0.5319 0.511282 0.506599 1 0
0.536518 0.515779 0.510978 1 0
0.541136 0.520276 0.515356 1 0
0.545754 0.524773 0.519735 1 0
0.550373 0.52927 0.524114 1 0
0.554991 0.533767 0.528492 1 0
0.559609 0.538264 0.532871 1 0
0.564227 0.542761 0.537249 1 0
0.568845 0.547258 0.541628 1 0
0.573463 0.551755 0.546006 1 0
0.578081 0.556251 0.550385 1 0
0.582699 0.560748 0.554764 1 0
0.587317 0.565245 0.559142 1 0
0.591936 0.569742 0.563521 1 0
0.596554 0.574239 0.567899 1 0
0.601172 0.578736 0.572278 1 0
0.60579 0.583233 0.576656 1 0
0.610408 0.58773 0.581035 1 0
0.615026 0.592227 0.585414 1 0
0.619644 0.596724 0.589792 1 0
0.624262 0.601221 0.594171 1 0
0.628881 0.605718 0.598549 1 0
0.633499 0.610215 0.602928 1 0
0.638117 0.614711 0.607306 1 0
0.642735 0.619208 0.611685 1 0
0.647353 0.623705 0.616064 1 0
0.651971 0.628202 0.620442 1 0
0.656589 0.632699 0.624821 1 0
0.661207 0.637196 0.629199 1 0
0.665825 0.641693 0.633578 1 0
0.670444 0.64619 0.637957 1 0
0.675062 0.650687 0.642335 1 0
0.67968 0.655184 0.646714 1 0
0.684298 0.659681 0.651092 1 0
0.688916 0.664178 0.655471 1 0
0.693534 0.668674 0.659849 1 0
0.698152 0.673171 0.664228 1 0
0.70277 0.677668 0.668607 1 0
0.707389 0.682165 0.672985 1 0
0.712007 0.686662 0.677364 1 0
0.716625 0.691159 0.681742 1 0
0.721243 0.695656 0.686121 1 0
0.725861 0.700153 0.690499 1 0
0.730479 0.70465 0.694878 1 0
0.735097 0.709147 0.699257 1 0
0.739715 0.713644 0.703635 1 0
0.744333 0.718141 0.708014 1 0
0.748952 0.722638 0.712392 1 0
0.75357 0.727134 0.716771 1 0
0.758188 0.731631 0.721149 1 0
0.762806 0.736128 0.725528 1 0
0.765487 0.738739 0.72807 1 1
0.762452 0.732676 0.718646 1 0
0.760313 0.728404 0.712008 1 0
0.758175 0.724132 0.705369 1 0
0.756036 0.71986 0.69873 1 0
0.753898 0.715589 0.692091 1 0
0.75176 0.711317 0.685452 1 0
0.749621 0.707045 0.678813 1 0
0.747483 0.702773 0.672174 1 0
0.745344 0.698501 0.665535 1 0
0.743206 0.69423 0.658896 1 0
0.741067 0.689958 0.652257 1 0
0.738929 0.685686 0.645618 1 0
0.736791 0.681414 0.638979 1 0
0.734652 0.677143 0.63234 1 0
0.732514 0.672871 0.625701 1 0
0.730375 0.668599 0.619062 1 0
0.728237 0.664327 0.612423 1 0
0.726098 0.660056 0.605785 1 0
0.72396 0.655784 0.599146 1 0
0.721822 0.651512 0.592507 1 0
0.719683 0.64724 0.585868 1 0
0.717545 0.642969 0.579229 1 0
0.715406 0.638697 0.57259 1 0
0.713268 0.634425 0.565951 1 0
0.711129 0.630153 0.559312 1 0
0.708991 0.625882 0.552673 1 0
0.706853 0.62161 0.546034 1 0
0.704714 0.617338 0.539395 1 0
0.702576 0.613066 0.532756 1 0
0.700437 0.608795 0.526117 1 0
0.698299 0.604523 0.519478 1 0
0.69616 0.600251 0.512839 1 0
0.694022 0.595979 0.5062 1 0
0.691884 0.591708 0.499562 1 0
0.689745 0.587436 0.492923 1 0
0.687607 0.583164 0.486284 1 0
0.685468 0.578892 0.479645 1 0
0.68333 0.574621 0.473006 1 0
0.681191 0.570349 0.466367 1 0
0.679053 0.566077 0.459728 1 0
0.676915 0.561805 0.453089 1 0
0.674776 0.557534 0.44645 1 0
0.672638 0.553262 0.439811 1 0
0.670499 0.54899 0.433172 1 0
0.668361 0.544718 0.426533 1 0
0.666223 0.540447 0.419894 1 0
0.664084 0.536175 0.413255 1 0
0.661946 0.531903 0.406616 1 0
0.659807 0.527631 0.399977 1 0
0.657669 0.52336 0.393339 1 0
0.65553 0.519088 0.3867 1 0
0.653392 0.514816 0.380061 1 0
0.651254 0.510544 0.373422 1 0
0.649115 0.506273 0.366783 1 0
0.646977 0.502001 0.360144 1 0
0.644838 0.497729 0.353505 1 0
0.6427 0.493457 0.346866 1 0
0.640561 0.489186 0.340227 1 0
0.638423 0.484914 0.333588 1 0
0.636285 0.480642 0.326949 1 0
0.634146 0.47637 0.32031 1 0
0.632008 0.472098 0.313671 1 0
0.629869 0.467827 0.307032 1 0
0.627731 0.463555 0.300393 1 0
0.625592 0.459283 0.293754 1 0
0.623454 0.455011 0.287115 1 0
0.621316 0.45074 0.280477 1 0
0.619177 0.446468 0.273838 1 0
0.617039 0.442196 0.267199 1 0
0.6149 0.437924 0.26056 1 0
0.612762 0.433653 0.253921 1 0
0.610623 0.429381 0.247282 1 0
0.608485 0.425109 0.240643 1 0
0.606347 0.420837 0.234004 1 0
0.604208 0.416566 0.227365 1 0
0.60207 0.412294 0.220726 1 0
0.599931 0.408022 0.214087 1 0
0.597793 0.40375 0.207448 1 0
0.595654 0.399479 0.200809 1 0
0.593516 0.395207 0.19417 1 0
0.591378 0.390935 0.187531 1 0
0.589239 0.386663 0.180892 1 0
0.587101 0.382392 0.174254 1 0
0.584962 0.37812 0.167615 1 0
0.582824 0.373848 0.160976 1 0
0.580685 0.369576 0.154337 1 0
0.578547 0.365305 0.147698 1 0
0.576409 0.361033 0.141059 1 0
0.57427 0.356761 0.13442 1 0
0.572132 0.352489 0.127781 1 0
0.569993 0.348218 0.121142 1 0
0.567855 0.343946 0.114503 1 0
0.565716 0.339674 0.107864 1 0
0.563578 0.335402 0.101225 1 0
0.56144 0.331131 0.0945863 1 0
0.559301 0.326859 0.0879473 1 0
0.557163 0.322587 0.0813084 1 0
0.555024 0.318315 0.0746695 1 0
0.552886 0.314044 0.0680305 1 0
0.550747 0.309772 0.0613916 1 0
0.548609 0.3055 0.0547526 1 0
0.546471 0.301228 0.0481137 1 0
0.544332 0.296956 0.0414748 1 0
0.542194 0.292685 0.0348358 1 0
0.540055 0.288413 0.0281969 1 0
0.537917 0.284141 0.021558 1 0
0.535779 0.279869 0.014919 1 0
0.53364 0.275598 0.00828004 1 0
0.530973 0.27027 0 1 1
0.552049 0.281318 0 1 0
0.580046 0.295994 0 1 0
0.608043 0.310669 0 1 0
0.63604 0.325345 0 1 0
0.664037 0.340021 0 1 0
0.692034 0.354696 0 1 0
0.720031 0.369372 0 1 0
0.748028 0.384048 0 1 0
0.776025 0.398724 0 1 0
0.804022 0.413399 0 1 0
0.832019 0.428075 0 1 0
0.860016 0.442751 0 1 0
0.888013 0.457426 0 1 0
0.91601 0.472102 0 1 0
0.944007 0.486778 0 1 0
0.972003 0.501454 0 1 0
1 0.516129 0 1 1
