#GeoProbe ColorMapRamp V1.0 ascii
1
3
0.001 0.666667 0.333333 0 1 
0.513726 0.991176 0.991176 0.995098 1 
0.994585 0 0 0 1 
256
0.666667 0.333333 0 1 1
0.668516 0.337081 0.00567018 1 0
0.670998 0.342113 0.0132812 1 0
0.67348 0.347144 0.0208921 1 0
0.675962 0.352176 0.0285031 1 0
0.678444 0.357207 0.0361141 1 0
0.680926 0.362239 0.0437251 1 0
0.683408 0.36727 0.051336 1 0
0.68589 0.372302 0.058947 1 0
0.688372 0.377333 0.066558 1 0
0.690854 0.382365 0.074169 1 0
0.693336 0.387396 0.0817799 1 0
0.695818 0.392428 0.0893909 1 0
0.6983 0.397459 0.0970019 1 0
0.700782 0.402491 0.104613 1 0
0.703264 0.407522 0.112224 1 0
0.705746 0.412554 0.119835 1 0
0.708228 0.417585 0.127446 1 0
0.71071 0.422617 0.135057 1 0
0.713192 0.427648 0.142668 1 0
0.715674 0.43268 0.150279 1 0
0.718156 0.437711 0.15789 1 0
0.720638 0.442743 0.165501 1 0
0.72312 0.447774 0.173112 1 0
0.725602 0.452806 0.180723 1 0
0.728084 0.457837 0.188334 1 0
0.730566 0.462869 0.195945 1 0
0.733048 0.4679 0.203556 1 0
0.73553 0.472932 0.211167 1 0
0.738012 0.477963 0.218778 1 0
0.740494 0.482995 0.226388 1 0
0.742976 0.488026 0.233999 1 0
0.745458 0.493058 0.24161 1 0
0.74794 0.498089 0.249221 1 0
0.750422 0.503121 0.256832 1 0
0.752904 0.508152 0.264443 1 0
0.755386 0.513184 0.272054 1 0
0.757868 0.518215 0.279665 1 0
0.76035 0.523247 0.287276 1 0
0.762832 0.528278 0.294887 1 0
0.765314 0.53331 0.302498 1 0
0.767796 0.538341 0.310109 1 0
0.770278 0.543373 0.31772 1 0
0.77276 0.548404 0.325331 1 0
0.775242 0.553436 0.332942 1 0
0.777724 0.558467 0.340553 1 0
0.780206 0.563499 0.348164 1 0
0.782688 0.56853 0.355775 1 0
0.78517 0.573562 0.363386 1 0
0.787652 0.578593 0.370997 1 0
0.790134 0.583625 0.378608 1 0
0.792616 0.588656 0.386219 1 0
0.795098 0.593688 0.39383 1 0
0.79758 0.598719 0.401441 1 0
0.800062 0.60375 0.409052 1 0
0.802544 0.608782 0.416663 1 0
0.805026 0.613814 0.424274 1 0
0.807508 0.618845 0.431885 1 0
0.80999 0.623876 0.439496 1 0
0.812472 0.628908 0.447107 1 0
0.814954 0.633939 0.454718 1 0
0.817436 0.638971 0.462329 1 0
0.819918 0.644002 0.46994 1 0
0.8224 0.649034 0.477551 1 0
0.824882 0.654065 0.485162 1 0
0.827364 0.659097 0.492773 1 0
0.829846 0.664128 0.500384 1 0
0.832328 0.66916 0.507995 1 0
0.83481 0.674191 0.515606 1 0
0.837292 0.679223 0.523217 1 0
0.839774 0.684254 0.530828 1 0
0.842256 0.689286 0.538439 1 0
0.844738 0.694317 0.54605 1 0
0.84722 0.699349 0.553661 1 0
0.849702 0.70438 0.561271 1 0
0.852184 0.709412 0.568882 1 0
0.854666 0.714443 0.576493 1 0
0.857148 0.719475 0.584104 1 0
0.85963 0.724506 0.591715 1 0
0.862112 0.729538 0.599326 1 0
0.864594 0.734569 0.606937 1 0
0.867076 0.739601 0.614548 1 0
0.869558 0.744632 0.622159 1 0
0.87204 0.749664 0.62977 1 0
0.874522 0.754695 0.637381 1 0
0.877004 0.759727 0.644992 1 0
0.879486 0.764758 0.652603 1 0
0.881968 0.76979 0.660214 1 0
0.88445 0.774821 0.667825 1 0
0.886932 0.779853 0.675436 1 0
0.889414 0.784884 0.683047 1 0
0.891896 0.789916 0.690658 1 0
0.894378 0.794947 0.698269 1 0
0.89686 0.799979 0.70588 1 0
0.899342 0.80501 0.713491 1 0
0.901824 0.810042 0.721102 1 0
0.904306 0.815073 0.728713 1 0
0.906788 0.820105 0.736324 1 0
0.90927 0.825136 0.743935 1 0
0.911752 0.830168 0.751546 1 0
0.914234 0.835199 0.759157 1 0
0.916716 0.840231 0.766768 1 0
0.919198 0.845262 0.774379 1 0
0.92168 0.850294 0.78199 1 0
0.924162 0.855325 0.789601 1 0
0.926644 0.860357 0.797212 1 0
0.929126 0.865388 0.804823 1 0
0.931608 0.87042 0.812434 1 0
0.93409 0.875451 0.820045 1 0
0.936572 0.880483 0.827656 1 0
0.939054 0.885514 0.835267 1 0
0.941536 0.890545 0.842878 1 0
0.944018 0.895577 0.850489 1 0
0.9465 0.900609 0.8581 1 0
0.948982 0.90564 0.86571 1 0
0.951464 0.910671 0.873321 1 0
0.953946 0.915703 0.880932 1 0
0.956428 0.920735 0.888543 1 0
0.95891 0.925766 0.896154 1 0
0.961392 0.930797 0.903765 1 0
0.963874 0.935829 0.911376 1 0
0.966356 0.94086 0.918987 1 0
0.968838 0.945892 0.926598 1 0
0.97132 0.950923 0.934209 1 0
0.973802 0.955955 0.94182 1 0
0.976284 0.960986 0.949431 1 0
0.978766 0.966018 0.957042 1 0
0.981248 0.971049 0.964653 1 0
0.98373 0.976081 0.972264 1 0
0.986212 0.981112 0.979875 1 0
0.988694 0.986144 0.987486 1 0
0.991176 0.991176 0.995098 1 1
0.983094 0.983094 0.986984 1 0
0.97501 0.97501 0.978868 1 0
0.966927 0.966927 0.970753 1 0
0.958843 0.958843 0.962638 1 0
0.95076 0.95076 0.954522 1 0
0.942677 0.942677 0.946407 1 0
0.934593 0.934593 0.938291 1 0
0.92651 0.92651 0.930176 1 0
0.918427 0.918427 0.922061 1 0
0.910343 0.910343 0.913945 1 0
0.90226 0.90226 0.90583 1 0
0.894176 0.894176 0.897715 1 0
0.886093 0.886093 0.889599 1 0
0.87801 0.87801 0.881484 1 0
0.869926 0.869926 0.873369 1 0
0.861843 0.861843 0.865253 1 0
0.85376 0.85376 0.857138 1 0
0.845676 0.845676 0.849022 1 0
0.837593 0.837593 0.840907 1 0
0.829509 0.829509 0.832792 1 0
0.821426 0.821426 0.824676 1 0
0.813343 0.813343 0.816561 1 0
0.805259 0.805259 0.808446 1 0
0.797176 0.797176 0.80033 1 0
0.789093 0.789093 0.792215 1 0
0.781009 0.781009 0.7841 1 0
0.772926 0.772926 0.775984 1 0
0.764842 0.764842 0.767869 1 0
0.756759 0.756759 0.759753 1 0
0.748676 0.748676 0.751638 1 0
0.740592 0.740592 0.743523 1 0
0.732509 0.732509 0.735407 1 0
0.724425 0.724425 0.727292 1 0
0.716342 0.716342 0.719177 1 0
0.708259 0.708259 0.711061 1 0
0.700175 0.700175 0.702946 1 0
0.692092 0.692092 0.69483 1 0
0.684009 0.684009 0.686715 1 0
0.675925 0.675925 0.6786 1 0
0.667842 0.667842 0.670484 1 0
0.659758 0.659758 0.662369 1 0
0.651675 0.651675 0.654254 1 0
0.643592 0.643592 0.646138 1 0
0.635508 0.635508 0.638023 1 0
0.627425 0.627425 0.629908 1 0
0.619342 0.619342 0.621792 1 0
0.611258 0.611258 0.613677 1 0
0.603175 0.603175 0.605561 1 0
0.595091 0.595091 0.597446 1 0
0.587008 0.587008 0.589331 1 0
0.578925 0.578925 0.581215 1 0
0.570841 0.570841 0.5731 1 0
0.562758 0.562758 0.564985 1 0
0.554675 0.554675 0.556869 1 0
0.546591 0.546591 0.548754 1 0
0.538508 0.538508 0.540639 1 0
0.530424 0.530424 0.532523 1 0
0.522341 0.522341 0.524408 1 0
0.514258 0.514258 0.516292 1 0
0.506174 0.506174 0.508177 1 0
0.498091 0.498091 0.500062 1 0
0.490007 0.490007 0.491946 1 0
0.481924 0.481924 0.483831 1 0
0.473841 0.473841 0.475716 1 0
0.465757 0.465757 0.4676 1 0
0.457674 0.457674 0.459485 1 0
0.44959 0.44959 0.451369 1 0
0.441507 0.441507 0.443254 1 0
0.433424 0.433424 0.435139 1 0
0.42534 0.42534 0.427023 1 0
0.417257 0.417257 0.418908 1 0
0.409174 0.409174 0.410793 1 0
0.40109 0.40109 0.402677 1 0
0.393007 0.393007 0.394562 1 0
0.384923 0.384923 0.386447 1 0
0.37684 0.37684 0.378331 1 0
0.368757 0.368757 0.370216 1 0
0.360673 0.360673 0.3621 1 0
0.35259 0.35259 0.353985 1 0
0.344507 0.344507 0.34587 1 0
0.336423 0.336423 0.337754 1 0
0.32834 0.32834 0.329639 1 0
0.320256 0.320256 0.321524 1 0
0.312173 0.312173 0.313408 1 0
0.30409 0.30409 0.305293 1 0
0.296006 0.296006 0.297177 1 0
0.287923 0.287923 0.289062 1 0
0.27984 0.27984 0.280947 1 0
0.271756 0.271756 0.272831 1 0
0.263673 0.263673 0.264716 1 0
0.255589 0.255589 0.256601 1 0
0.247506 0.247506 0.248485 1 0
0.239423 0.239423 0.24037 1 0
0.231339 0.231339 0.232255 1 0
0.223256 0.223256 0.224139 1 0
0.215172 0.215172 0.216024 1 0
0.207089 0.207089 0.207909 1 0
0.199006 0.199006 0.199793 1 0
0.190922 0.190922 0.191678 1 0
0.182839 0.182839 0.183562 1 0
0.174756 0.174756 0.175447 1 0
0.166672 0.166672 0.167332 1 0
0.158589 0.158589 0.159216 1 0
0.150505 0.150505 0.151101 1 0
0.142422 0.142422 0.142986 1 0
0.134339 0.134339 0.13487 1 0
0.126255 0.126255 0.126755 1 0
0.118172 0.118172 0.11864 1 0
0.110089 0.110089 0.110524 1 0
0.102005 0.102005 0.102409 1 0
0.0939218 0.0939218 0.0942934 1 0
0.0858384 0.0858384 0.0861781 1 0
0.077755 0.077755 0.0780627 1 0
0.0696716 0.0696716 0.0699473 1 0
0.0615882 0.0615882 0.061832 1 0
0.0535049 0.0535049 0.0537166 1 0
0.0454215 0.0454215 0.0456012 1 0
0.0373381 0.0373381 0.0374859 1 0
0.0292548 0.0292548 0.0293705 1 0
0.0211714 0.0211714 0.0212551 1 0
0.013088 0.013088 0.0131398 1 0
0.00500464 0.00500464 0.00502443 1 0
0 0 0 1 1
0 0 0 1 1
