#GeoProbe ColorMapRamp V1.0 ascii
1
2
0.001 0 0 0 1 
1 1 1 1 1 
256
0 0 0 1 1
0.00292449 0.00292449 0.00292449 1 0
0.00684999 0.00684999 0.00684999 1 0
0.0107755 0.0107755 0.0107755 1 0
0.014701 0.014701 0.014701 1 0
0.0186265 0.0186265 0.0186265 1 0
0.022552 0.022552 0.022552 1 0
0.0264775 0.0264775 0.0264775 1 0
0.030403 0.030403 0.030403 1 0
0.0343284 0.0343284 0.0343284 1 0
0.0382539 0.0382539 0.0382539 1 0
0.0421794 0.0421794 0.0421794 1 0
0.0461049 0.0461049 0.0461049 1 0
0.0500304 0.0500304 0.0500304 1 0
0.0539559 0.0539559 0.0539559 1 0
0.0578814 0.0578814 0.0578814 1 0
0.0618069 0.0618069 0.0618069 1 0
0.0657324 0.0657324 0.0657324 1 0
0.0696579 0.0696579 0.0696579 1 0
0.0735834 0.0735834 0.0735834 1 0
0.0775089 0.0775089 0.0775089 1 0
0.0814344 0.0814344 0.0814344 1 0
0.0853599 0.0853599 0.0853599 1 0
0.0892854 0.0892854 0.0892854 1 0
0.0932109 0.0932109 0.0932109 1 0
0.0971364 0.0971364 0.0971364 1 0
0.101062 0.101062 0.101062 1 0
0.104987 0.104987 0.104987 1 0
0.108913 0.108913 0.108913 1 0
0.112838 0.112838 0.112838 1 0
0.116764 0.116764 0.116764 1 0
0.120689 0.120689 0.120689 1 0
0.124615 0.124615 0.124615 1 0
0.12854 0.12854 0.12854 1 0
0.132466 0.132466 0.132466 1 0
0.136391 0.136391 0.136391 1 0
0.140317 0.140317 0.140317 1 0
0.144242 0.144242 0.144242 1 0
0.148168 0.148168 0.148168 1 0
0.152093 0.152093 0.152093 1 0
0.156019 0.156019 0.156019 1 0
0.159944 0.159944 0.159944 1 0
0.16387 0.16387 0.16387 1 0
0.167795 0.167795 0.167795 1 0
0.171721 0.171721 0.171721 1 0
0.175646 0.175646 0.175646 1 0
0.179572 0.179572 0.179572 1 0
0.183497 0.183497 0.183497 1 0
0.187423 0.187423 0.187423 1 0
0.191348 0.191348 0.191348 1 0
0.195274 0.195274 0.195274 1 0
0.199199 0.199199 0.199199 1 0
0.203125 0.203125 0.203125 1 0
0.20705 0.20705 0.20705 1 0
0.210976 0.210976 0.210976 1 0
0.214901 0.214901 0.214901 1 0
0.218827 0.218827 0.218827 1 0
0.222752 0.222752 0.222752 1 0
0.226678 0.226678 0.226678 1 0
0.230603 0.230603 0.230603 1 0
0.234529 0.234529 0.234529 1 0
0.238454 0.238454 0.238454 1 0
0.24238 0.24238 0.24238 1 0
0.246305 0.246305 0.246305 1 0
0.250231 0.250231 0.250231 1 0
0.254156 0.254156 0.254156 1 0
0.258082 0.258082 0.258082 1 0
0.262007 0.262007 0.262007 1 0
0.265933 0.265933 0.265933 1 0
0.269858 0.269858 0.269858 1 0
0.273784 0.273784 0.273784 1 0
0.277709 0.277709 0.277709 1 0
0.281635 0.281635 0.281635 1 0
0.28556 0.28556 0.28556 1 0
0.289486 0.289486 0.289486 1 0
0.293411 0.293411 0.293411 1 0
0.297337 0.297337 0.297337 1 0
0.301262 0.301262 0.301262 1 0
0.305188 0.305188 0.305188 1 0
0.309113 0.309113 0.309113 1 0
0.313039 0.313039 0.313039 1 0
0.316964 0.316964 0.316964 1 0
0.32089 0.32089 0.32089 1 0
0.324815 0.324815 0.324815 1 0
0.328741 0.328741 0.328741 1 0
0.332666 0.332666 0.332666 1 0
0.336592 0.336592 0.336592 1 0
0.340517 0.340517 0.340517 1 0
0.344442 0.344442 0.344442 1 0
0.348368 0.348368 0.348368 1 0
0.352293 0.352293 0.352293 1 0
0.356219 0.356219 0.356219 1 0
0.360144 0.360144 0.360144 1 0
0.36407 0.36407 0.36407 1 0
0.367995 0.367995 0.367995 1 0
0.371921 0.371921 0.371921 1 0
0.375846 0.375846 0.375846 1 0
0.379772 0.379772 0.379772 1 0
0.383697 0.383697 0.383697 1 0
0.387623 0.387623 0.387623 1 0
0.391548 0.391548 0.391548 1 0
0.395474 0.395474 0.395474 1 0
0.399399 0.399399 0.399399 1 0
0.403325 0.403325 0.403325 1 0
0.40725 0.40725 0.40725 1 0
0.411176 0.411176 0.411176 1 0
0.415101 0.415101 0.415101 1 0
0.419027 0.419027 0.419027 1 0
0.422952 0.422952 0.422952 1 0
0.426878 0.426878 0.426878 1 0
0.430803 0.430803 0.430803 1 0
0.434729 0.434729 0.434729 1 0
0.438654 0.438654 0.438654 1 0
0.44258 0.44258 0.44258 1 0
0.446505 0.446505 0.446505 1 0
0.450431 0.450431 0.450431 1 0
0.454356 0.454356 0.454356 1 0
0.458282 0.458282 0.458282 1 0
0.462207 0.462207 0.462207 1 0
0.466133 0.466133 0.466133 1 0
0.470058 0.470058 0.470058 1 0
0.473984 0.473984 0.473984 1 0
0.477909 0.477909 0.477909 1 0
0.481835 0.481835 0.481835 1 0
0.48576 0.48576 0.48576 1 0
0.489686 0.489686 0.489686 1 0
0.493611 0.493611 0.493611 1 0
0.497537 0.497537 0.497537 1 0
0.501462 0.501462 0.501462 1 0
0.505388 0.505388 0.505388 1 0
0.509313 0.509313 0.509313 1 0
0.513239 0.513239 0.513239 1 0
0.517164 0.517164 0.517164 1 0
0.52109 0.52109 0.52109 1 0
0.525015 0.525015 0.525015 1 0
0.528941 0.528941 0.528941 1 0
0.532866 0.532866 0.532866 1 0
0.536792 0.536792 0.536792 1 0
0.540717 0.540717 0.540717 1 0
0.544643 0.544643 0.544643 1 0
0.548568 0.548568 0.548568 1 0
0.552494 0.552494 0.552494 1 0
0.556419 0.556419 0.556419 1 0
0.560345 0.560345 0.560345 1 0
0.56427 0.56427 0.56427 1 0
0.568196 0.568196 0.568196 1 0
0.572121 0.572121 0.572121 1 0
0.576047 0.576047 0.576047 1 0
0.579972 0.579972 0.579972 1 0
0.583898 0.583898 0.583898 1 0
0.587823 0.587823 0.587823 1 0
0.591749 0.591749 0.591749 1 0
0.595674 0.595674 0.595674 1 0
0.5996 0.5996 0.5996 1 0
0.603525 0.603525 0.603525 1 0
0.607451 0.607451 0.607451 1 0
0.611376 0.611376 0.611376 1 0
0.615302 0.615302 0.615302 1 0
0.619227 0.619227 0.619227 1 0
0.623153 0.623153 0.623153 1 0
0.627078 0.627078 0.627078 1 0
0.631004 0.631004 0.631004 1 0
0.634929 0.634929 0.634929 1 0
0.638855 0.638855 0.638855 1 0
0.64278 0.64278 0.64278 1 0
0.646706 0.646706 0.646706 1 0
0.650631 0.650631 0.650631 1 0
0.654557 0.654557 0.654557 1 0
0.658482 0.658482 0.658482 1 0
0.662408 0.662408 0.662408 1 0
0.666333 0.666333 0.666333 1 0
0.670259 0.670259 0.670259 1 0
0.674184 0.674184 0.674184 1 0
0.67811 0.67811 0.67811 1 0
0.682035 0.682035 0.682035 1 0
0.68596 0.68596 0.68596 1 0
0.689886 0.689886 0.689886 1 0
0.693811 0.693811 0.693811 1 0
0.697737 0.697737 0.697737 1 0
0.701662 0.701662 0.701662 1 0
0.705588 0.705588 0.705588 1 0
0.709513 0.709513 0.709513 1 0
0.713439 0.713439 0.713439 1 0
0.717364 0.717364 0.717364 1 0
0.72129 0.72129 0.72129 1 0
0.725215 0.725215 0.725215 1 0
0.729141 0.729141 0.729141 1 0
0.733066 0.733066 0.733066 1 0
0.736992 0.736992 0.736992 1 0
0.740917 0.740917 0.740917 1 0
0.744843 0.744843 0.744843 1 0
0.748768 0.748768 0.748768 1 0
0.752694 0.752694 0.752694 1 0
0.756619 0.756619 0.756619 1 0
0.760545 0.760545 0.760545 1 0
0.76447 0.76447 0.76447 1 0
0.768396 0.768396 0.768396 1 0
0.772321 0.772321 0.772321 1 0
0.776247 0.776247 0.776247 1 0
0.780172 0.780172 0.780172 1 0
0.784098 0.784098 0.784098 1 0
0.788023 0.788023 0.788023 1 0
0.791949 0.791949 0.791949 1 0
0.795874 0.795874 0.795874 1 0
0.7998 0.7998 0.7998 1 0
0.803725 0.803725 0.803725 1 0
0.807651 0.807651 0.807651 1 0
0.811576 0.811576 0.811576 1 0
0.815502 0.815502 0.815502 1 0
0.819427 0.819427 0.819427 1 0
0.823353 0.823353 0.823353 1 0
0.827278 0.827278 0.827278 1 0
0.831204 0.831204 0.831204 1 0
0.835129 0.835129 0.835129 1 0
0.839055 0.839055 0.839055 1 0
0.84298 0.84298 0.84298 1 0
0.846906 0.846906 0.846906 1 0
0.850831 0.850831 0.850831 1 0
0.854757 0.854757 0.854757 1 0
0.858682 0.858682 0.858682 1 0
0.862608 0.862608 0.862608 1 0
0.866533 0.866533 0.866533 1 0
0.870459 0.870459 0.870459 1 0
0.874384 0.874384 0.874384 1 0
0.87831 0.87831 0.87831 1 0
0.882235 0.882235 0.882235 1 0
0.886161 0.886161 0.886161 1 0
0.890086 0.890086 0.890086 1 0
0.894012 0.894012 0.894012 1 0
0.897937 0.897937 0.897937 1 0
0.901863 0.901863 0.901863 1 0
0.905788 0.905788 0.905788 1 0
0.909714 0.909714 0.909714 1 0
0.913639 0.913639 0.913639 1 0
0.917565 0.917565 0.917565 1 0
0.92149 0.92149 0.92149 1 0
0.925416 0.925416 0.925416 1 0
0.929341 0.929341 0.929341 1 0
0.933267 0.933267 0.933267 1 0
0.937192 0.937192 0.937192 1 0
0.941118 0.941118 0.941118 1 0
0.945043 0.945043 0.945043 1 0
0.948969 0.948969 0.948969 1 0
0.952894 0.952894 0.952894 1 0
0.95682 0.95682 0.95682 1 0
0.960745 0.960745 0.960745 1 0
0.964671 0.964671 0.964671 1 0
0.968596 0.968596 0.968596 1 0
0.972522 0.972522 0.972522 1 0
0.976447 0.976447 0.976447 1 0
0.980373 0.980373 0.980373 1 0
0.984298 0.984298 0.984298 1 0
0.988224 0.988224 0.988224 1 0
0.992149 0.992149 0.992149 1 0
0.996075 0.996075 0.996075 1 0
1 1 1 1 1
