#GeoProbe ColorMapRamp V1.0 ascii
1
4
0.001 0.686275 0.0588235 0.0588235 1 
0.323105 1 0.967742 0 1 
0.49639 0.924731 0.892473 0.924731 1 
0.994609 0 0 0 1 
256
0.686275 0.0588235 0.0588235 1 1
0.689121 0.0670676 0.05829 1 0
0.69294 0.0781335 0.0575738 1 0
0.69676 0.0891995 0.0568576 1 0
0.700579 0.100265 0.0561415 1 0
0.704399 0.111331 0.0554253 1 0
0.708218 0.122397 0.0547091 1 0
0.712038 0.133463 0.053993 1 0
0.715857 0.144529 0.0532768 1 0
0.719677 0.155595 0.0525606 1 0
0.723496 0.166661 0.0518445 1 0
0.727316 0.177727 0.0511283 1 0
0.731136 0.188793 0.0504121 1 0
0.734955 0.199859 0.049696 1 0
0.738775 0.210925 0.0489798 1 0
0.742594 0.221991 0.0482636 1 0
0.746414 0.233056 0.0475475 1 0
0.750233 0.244122 0.0468313 1 0
0.754053 0.255188 0.0461151 1 0
0.757872 0.266254 0.045399 1 0
0.761692 0.27732 0.0446828 1 0
0.765512 0.288386 0.0439666 1 0
0.769331 0.299452 0.0432505 1 0
0.773151 0.310518 0.0425343 1 0
0.77697 0.321584 0.0418181 1 0
0.78079 0.33265 0.041102 1 0
0.784609 0.343716 0.0403858 1 0
0.788429 0.354782 0.0396696 1 0
0.792248 0.365848 0.0389535 1 0
0.796068 0.376913 0.0382373 1 0
0.799887 0.387979 0.0375211 1 0
0.803707 0.399045 0.036805 1 0
0.807527 0.410111 0.0360888 1 0
0.811346 0.421177 0.0353726 1 0
0.815166 0.432243 0.0346565 1 0
0.818985 0.443309 0.0339403 1 0
0.822805 0.454375 0.0332242 1 0
0.826624 0.465441 0.032508 1 0
0.830444 0.476507 0.0317918 1 0
0.834263 0.487573 0.0310757 1 0
0.838083 0.498639 0.0303595 1 0
0.841902 0.509705 0.0296433 1 0
0.845722 0.52077 0.0289272 1 0
0.849542 0.531836 0.028211 1 0
0.853361 0.542902 0.0274948 1 0
0.857181 0.553968 0.0267787 1 0
0.861 0.565034 0.0260625 1 0
0.86482 0.5761 0.0253463 1 0
0.868639 0.587166 0.0246302 1 0
0.872459 0.598232 0.023914 1 0
0.876278 0.609298 0.0231978 1 0
0.880098 0.620364 0.0224817 1 0
0.883917 0.63143 0.0217655 1 0
0.887737 0.642496 0.0210493 1 0
0.891557 0.653562 0.0203332 1 0
0.895376 0.664627 0.019617 1 0
0.899196 0.675693 0.0189008 1 0
0.903015 0.686759 0.0181847 1 0
0.906835 0.697825 0.0174685 1 0
0.910654 0.708891 0.0167523 1 0
0.914474 0.719957 0.0160362 1 0
0.918293 0.731023 0.01532 1 0
0.922113 0.742089 0.0146038 1 0
0.925933 0.753155 0.0138877 1 0
0.929752 0.764221 0.0131715 1 0
0.933572 0.775287 0.0124553 1 0
0.937391 0.786353 0.0117392 1 0
0.941211 0.797419 0.011023 1 0
0.94503 0.808485 0.0103068 1 0
0.94885 0.819551 0.00959067 1 0
0.952669 0.830616 0.00887451 1 0
0.956489 0.841682 0.00815834 1 0
0.960308 0.852748 0.00744217 1 0
0.964128 0.863814 0.00672601 1 0
0.967948 0.87488 0.00600984 1 0
0.971767 0.885946 0.00529367 1 0
0.975587 0.897012 0.00457751 1 0
0.979406 0.908078 0.00386135 1 0
0.983226 0.919144 0.00314518 1 0
0.987045 0.93021 0.00242902 1 0
0.990865 0.941276 0.00171285 1 0
0.994684 0.952342 0.000996679 1 0
1 0.967742 0 1 1
0.998964 0.966706 0.0127303 1 0
0.99726 0.965002 0.0336576 1 0
0.995557 0.963299 0.0545849 1 0
0.993854 0.961596 0.0755123 1 0
0.99215 0.959892 0.0964396 1 0
0.990447 0.958189 0.117367 1 0
0.988743 0.956485 0.138294 1 0
0.98704 0.954782 0.159222 1 0
0.985337 0.953079 0.180149 1 0
0.983633 0.951375 0.201076 1 0
0.98193 0.949672 0.222004 1 0
0.980227 0.947968 0.242931 1 0
0.978523 0.946265 0.263858 1 0
0.97682 0.944562 0.284786 1 0
0.975116 0.942858 0.305713 1 0
0.973413 0.941155 0.32664 1 0
0.97171 0.939452 0.347568 1 0
0.970006 0.937748 0.368495 1 0
0.968303 0.936045 0.389422 1 0
0.966599 0.934341 0.41035 1 0
0.964896 0.932638 0.431277 1 0
0.963193 0.930935 0.452204 1 0
0.961489 0.929231 0.473132 1 0
0.959786 0.927528 0.494059 1 0
0.958082 0.925824 0.514986 1 0
0.956379 0.924121 0.535914 1 0
0.954676 0.922418 0.556841 1 0
0.952972 0.920714 0.577768 1 0
0.951269 0.919011 0.598696 1 0
0.949566 0.917307 0.619623 1 0
0.947862 0.915604 0.64055 1 0
0.946159 0.913901 0.661478 1 0
0.944455 0.912197 0.682405 1 0
0.942752 0.910494 0.703332 1 0
0.941049 0.908791 0.72426 1 0
0.939345 0.907087 0.745187 1 0
0.937642 0.905384 0.766114 1 0
0.935938 0.90368 0.787042 1 0
0.934235 0.901977 0.807969 1 0
0.932532 0.900274 0.828896 1 0
0.930828 0.89857 0.849824 1 0
0.929125 0.896867 0.870751 1 0
0.927422 0.895163 0.891678 1 0
0.925718 0.89346 0.912606 1 0
0.924731 0.892473 0.924731 1 1
0.914391 0.882494 0.914391 1 0
0.907112 0.875469 0.907112 1 0
0.899834 0.868444 0.899834 1 0
0.892555 0.861419 0.892555 1 0
0.885276 0.854395 0.885276 1 0
0.877998 0.84737 0.877998 1 0
0.870719 0.840345 0.870719 1 0
0.86344 0.83332 0.86344 1 0
0.856161 0.826295 0.856161 1 0
0.848883 0.819271 0.848883 1 0
0.841604 0.812246 0.841604 1 0
0.834325 0.805221 0.834325 1 0
0.827047 0.798196 0.827047 1 0
0.819768 0.791171 0.819768 1 0
0.812489 0.784146 0.812489 1 0
0.80521 0.777122 0.80521 1 0
0.797932 0.770097 0.797932 1 0
0.790653 0.763072 0.790653 1 0
0.783374 0.756047 0.783374 1 0
0.776096 0.749022 0.776096 1 0
0.768817 0.741998 0.768817 1 0
0.761538 0.734973 0.761538 1 0
0.754259 0.727948 0.754259 1 0
0.746981 0.720923 0.746981 1 0
0.739702 0.713898 0.739702 1 0
0.732423 0.706874 0.732423 1 0
0.725145 0.699849 0.725145 1 0
0.717866 0.692824 0.717866 1 0
0.710587 0.685799 0.710587 1 0
0.703308 0.678774 0.703308 1 0
0.69603 0.67175 0.69603 1 0
0.688751 0.664725 0.688751 1 0
0.681472 0.6577 0.681472 1 0
0.674194 0.650675 0.674194 1 0
0.666915 0.64365 0.666915 1 0
0.659636 0.636626 0.659636 1 0
0.652357 0.629601 0.652357 1 0
0.645079 0.622576 0.645079 1 0
0.6378 0.615551 0.6378 1 0
0.630521 0.608526 0.630521 1 0
0.623243 0.601502 0.623243 1 0
0.615964 0.594477 0.615964 1 0
0.608685 0.587452 0.608685 1 0
0.601406 0.580427 0.601406 1 0
0.594128 0.573402 0.594128 1 0
0.586849 0.566378 0.586849 1 0
0.57957 0.559353 0.57957 1 0
0.572292 0.552328 0.572292 1 0
0.565013 0.545303 0.565013 1 0
0.557734 0.538278 0.557734 1 0
0.550456 0.531254 0.550456 1 0
0.543177 0.524229 0.543177 1 0
0.535898 0.517204 0.535898 1 0
0.528619 0.510179 0.528619 1 0
0.521341 0.503154 0.521341 1 0
0.514062 0.49613 0.514062 1 0
0.506783 0.489105 0.506783 1 0
0.499505 0.48208 0.499505 1 0
0.492226 0.475055 0.492226 1 0
0.484947 0.46803 0.484947 1 0
0.477668 0.461006 0.477668 1 0
0.47039 0.453981 0.47039 1 0
0.463111 0.446956 0.463111 1 0
0.455832 0.439931 0.455832 1 0
0.448553 0.432906 0.448553 1 0
0.441275 0.425881 0.441275 1 0
0.433996 0.418857 0.433996 1 0
0.426717 0.411832 0.426717 1 0
0.419439 0.404807 0.419439 1 0
0.41216 0.397782 0.41216 1 0
0.404881 0.390757 0.404881 1 0
0.397602 0.383733 0.397602 1 0
0.390324 0.376708 0.390324 1 0
0.383045 0.369683 0.383045 1 0
0.375766 0.362658 0.375766 1 0
0.368488 0.355633 0.368488 1 0
0.361209 0.348609 0.361209 1 0
0.35393 0.341584 0.35393 1 0
0.346651 0.334559 0.346651 1 0
0.339373 0.327534 0.339373 1 0
0.332094 0.320509 0.332094 1 0
0.324815 0.313485 0.324815 1 0
0.317537 0.30646 0.317537 1 0
0.310258 0.299435 0.310258 1 0
0.302979 0.29241 0.302979 1 0
0.2957 0.285385 0.2957 1 0
0.288422 0.27836 0.288422 1 0
0.281143 0.271336 0.281143 1 0
0.273864 0.264311 0.273864 1 0
0.266586 0.257286 0.266586 1 0
0.259307 0.250261 0.259307 1 0
0.252028 0.243236 0.252028 1 0
0.244749 0.236212 0.244749 1 0
0.237471 0.229187 0.237471 1 0
0.230192 0.222162 0.230192 1 0
0.222913 0.215137 0.222913 1 0
0.215635 0.208112 0.215635 1 0
0.208356 0.201088 0.208356 1 0
0.201077 0.194063 0.201077 1 0
0.193798 0.187038 0.193798 1 0
0.18652 0.180013 0.18652 1 0
0.179241 0.172988 0.179241 1 0
0.171962 0.165964 0.171962 1 0
0.164684 0.158939 0.164684 1 0
0.157405 0.151914 0.157405 1 0
0.150126 0.144889 0.150126 1 0
0.142847 0.137864 0.142847 1 0
0.135569 0.13084 0.135569 1 0
0.12829 0.123815 0.12829 1 0
0.121011 0.11679 0.121011 1 0
0.113733 0.109765 0.113733 1 0
0.106454 0.10274 0.106454 1 0
0.0991752 0.0957156 0.0991752 1 0
0.0918964 0.0886908 0.0918964 1 0
0.0846177 0.0816659 0.0846177 1 0
0.0773391 0.0746412 0.0773391 1 0
0.0700603 0.0676163 0.0700603 1 0
0.0627816 0.0605915 0.0627816 1 0
0.0555029 0.0535668 0.0555029 1 0
0.0482242 0.0465419 0.0482242 1 0
0.0409454 0.0395171 0.0409454 1 0
0.0336667 0.0324923 0.0336667 1 0
0.026388 0.0254675 0.026388 1 0
0.0191094 0.0184427 0.0191094 1 0
0.0118306 0.0114179 0.0118306 1 0
0.00455189 0.0043931 0.00455189 1 0
0 0 0 1 1
0 0 0 1 1
